results:
  acc: 0.9171122994652406
  auc: 0.959891392707665
  f1: 0.7992805755395684
  precision: 0.6930754834684966
  recall: 0.9439252336448598
