results:
  acc: 0.879979035639413
  auc: 0.9323717413243471
  f1: 0.7923844061650044
  precision: 0.7720848056537103
  recall: 0.813780260707635
