results:
  acc: 0.8823375262054507
  auc: 0.934825128662763
  f1: 0.7992847563701385
  precision: 0.7687016337059329
  recall: 0.8324022346368715
