results:
  acc: 0.6929590017825312
  auc: 0.8609601062060326
  f1: 0.5053840631730079
  precision: 0.351765489673551
  recall: 0.897196261682243
