results:
  acc: 0.8739517819706499
  auc: 0.9050666438476177
  f1: 0.7880123402379903
  precision: 0.7481171548117155
  recall: 0.8324022346368715
