results:
  acc: 0.9199346405228758
  auc: 0.9898685195622366
  f1: 0.8136882129277566
  precision: 0.6858974358974359
  recall: 1.0
