results:
  acc: 0.8532494758909853
  auc: 0.9341931904154561
  f1: 0.7732793522267206
  precision: 0.6840974212034384
  recall: 0.8891992551210428
