results:
  acc: 0.7618288144603934
  auc: 0.7800310882829997
  f1: 0.8203688853247795
  precision: 0.7767653758542141
  recall: 0.8691588785046729
