results:
  acc: 0.8972746331236897
  auc: 0.9334529295991589
  f1: 0.8226244343891403
  precision: 0.8001760563380281
  recall: 0.8463687150837989
