results:
  acc: 0.7054758107389686
  auc: 0.6694371765659999
  f1: 0.7872503840245777
  precision: 0.7182901191310441
  recall: 0.8708581138487681
