results:
  acc: 0.954248366013072
  auc: 0.9854596844561262
  f1: 0.8823529411764706
  precision: 0.8015267175572519
  recall: 0.9813084112149533
