results:
  acc: 0.6895268474215842
  auc: 0.6713687292422955
  f1: 0.7639450282942603
  precision: 0.7286044718581342
  recall: 0.8028887000849617
