results:
  acc: 0.4800637958532695
  auc: 0.5130918359465514
  f1: 0.48742138364779874
  precision: 0.6361149110807114
  recall: 0.39507221750212407
