results:
  acc: 0.6980329611908559
  auc: 0.6907337365799028
  f1: 0.78419452887538
  precision: 0.709278350515464
  recall: 0.8768054375531011
