results:
  acc: 0.9535056446821153
  auc: 0.9806793423607442
  f1: 0.8806709874189859
  precision: 0.7987551867219918
  recall: 0.9813084112149533
