results:
  acc: 0.8896750524109015
  auc: 0.94743910505863
  f1: 0.814945054945055
  precision: 0.771856786011657
  recall: 0.8631284916201117
